ts
5.07176
5.29705
5.49582
5.66285
5.75514
5.8318
5.89291
5.93881
5.97011
5.9876
5.99223
5.98507
5.96729
5.9401
5.90477
5.86256
5.81473
5.76253
5.70715
5.64974
5.59139
5.53312
5.47588
5.42052
5.36783
5.31849
5.27311
5.23221
5.19621
5.16546
5.14023
5.12069
5.10695
5.09905
5.09694
5.10053
5.10968
5.12416
5.14373
5.16808
5.19689
5.22978
5.26636
5.30622
5.34893
5.39404
5.4411
5.48967
5.53929
5.58951
5.6399
5.69003
5.7395
5.78792
5.83492
5.88014
5.92328
5.96404
6.00215
6.03737
6.0695
6.09837
6.12382
6.14575
6.16407
6.17873
6.1897
6.197
6.20066
6.20073
6.19732
6.19051
6.18046
6.16731
6.15124
6.13244
6.11112
6.08749
6.06178
6.03425
6.00512
5.97467
5.94314
5.91079
5.87788
5.84467
5.81141
5.77833
5.74569
5.71371
5.6826
5.65258
5.62384
5.59656
5.5709
5.54702
5.52504
5.50509
5.48726
5.47164
5.45828
5.44723
5.43852
5.43216
5.42814
5.42643
5.427
5.42979
5.43473
5.44174
5.45071
5.46154
5.4741
5.48827
5.50391
5.52088
5.53901
5.55815
5.57815
5.59884
5.62005
5.64163
5.66341
5.68524
5.70694
5.72838
5.74941
5.76989
5.78967
5.80865
5.82669
5.84368
5.85954
5.87415
5.88744
5.89932
5.90974
5.91862
5.92591
5.93156
5.93554
5.93779
5.93828
5.93699
5.93387
5.9289
5.92205
5.91328
5.90255
5.88982
5.87504
5.85817
5.83915
5.8179
5.79437
5.76848
5.74013
5.70926
5.67578
5.63961
5.60066
5.55887
5.51418
5.46656
5.41601
5.36256
5.30628
5.24731
5.1543
5.05681
4.9565
